#    ora  nMues  nProt   sem     dist dim     alg   NodVis  prof   reg        t    t_pre
    unif   1000   1000     0   107.69   5   fu2tl      108    22     f     0.02     0.00
    unif   1000   2000     0   135.49   5   fu2tl      136    21     f     0.03     0.01
    unif   1000   3000     0   159.09   5   fu2tl      159    23     f     0.03     0.02
    unif   1000   4000     0   172.72   5   fu2tl      173    25     f     0.04     0.02
    unif   1000   5000     0   182.66   5   fu2tl      183    26     f     0.04     0.03
    unif   1000   6000     0   190.52   5   fu2tl      191    25     f     0.04     0.04
    unif   1000   7000     0   199.00   5   fu2tl      199    26     f     0.05     0.04
    unif   1000   8000     0   208.19   5   fu2tl      208    24     f     0.06     0.05
    unif   1000   9000     0   215.83   5   fu2tl      216    27     f     0.06     0.05
    unif   1000  10000     0   222.27   5   fu2tl      223    29     f     0.06     0.07
    unif   1000  11000     0   233.14   5   fu2tl      233    30     f     0.05     0.08
    unif   1000  12000     0   238.55   5   fu2tl      239    30     f     0.06     0.09
    unif   1000  13000     0   233.63   5   fu2tl      234    30     f     0.05     0.07
    unif   1000  14000     0   244.82   5   fu2tl      245    33     f     0.06     0.08
    unif   1000  15000     0   250.55   5   fu2tl      251    30     f     0.06     0.10
    unif   1000  16000     0   255.26   5   fu2tl      256    32     f     0.08     0.10
    unif   1000  17000     0   257.97   5   fu2tl      258    33     f     0.06     0.12
    unif   1000  18000     0   261.62   5   fu2tl      262    34     f     0.07     0.14
    unif   1000  19000     0   269.28   5   fu2tl      270    34     f     0.07     0.14
    unif   1000  20000     0   272.40   5   fu2tl      273    34     f     0.08     0.14
