2.222 3.444 5.6874 5.564 6.564 1.564 0.645
2.444 5.6874 5.564 6.564 1.564 0.645 9.56
5.6874 3.564 4.564 1.564 0.645 8.654 8.56
1.444 1.6874 6.564 6.564 1.564 0.645 9.56
2.222 3.444 5.6874 5.564 6.564 1.564 0.645
2.444 5.6874 5.564 6.564 1.564 0.645 9.56
5.6874 3.564 4.564 1.564 0.645 8.654 8.56
1.444 1.6874 6.564 6.564 1.564 0.645 9.56
2.222 3.444 5.6874 5.564 6.564 1.564 0.645
2.444 5.6874 5.564 6.564 1.564 0.645 9.56
5.6874 3.564 4.564 1.564 0.645 8.654 8.56
1.444 1.6874 6.564 6.564 1.564 0.645 9.56
2.222 3.444 5.6874 5.564 6.564 1.564 0.645
2.444 5.6874 5.564 6.564 1.564 0.645 9.56
5.6874 3.564 4.564 1.564 0.645 8.654 8.56
1.444 1.6874 6.564 6.564 1.564 0.645 9.56
2.222 3.444 5.6874 5.564 6.564 1.564 0.645
2.444 5.6874 5.564 6.564 1.564 0.645 9.56
5.6874 3.564 4.564 1.564 0.645 8.654 8.56
1.444 1.6874 6.564 6.564 1.564 0.645 9.56
2.222 3.444 5.6874 5.564 6.564 1.564 0.645
2.444 5.6874 5.564 6.564 1.564 0.645 9.56
5.6874 3.564 4.564 1.564 0.645 8.654 8.56
1.444 1.6874 6.564 6.564 1.564 0.645 9.56
